1 [0, 0]: 25936253 tries in 190 ms
 1 54 39 48 59 44 31 50
38 47 56 53 32 49 60 43
55  2 33 40 45 58 51 30
34 37 46 57 52 25 42 61
 3 20 35 24 41 62 29 14
36 23 18 11 26 15  8 63
19  4 21 16  9  6 13 28
22 17 10  5 12 27 64  7

1 [0, 1]: 4971492480 tries in 24532 ms
52 57 34 39 50 59 44 31
 1 38 51 58 35 32 49 60
56 53 36 33 40 45 30 43
37  2 55 46 25 42 61 48
54 21 24 41 62 47  8 29
 3 12 19 22  9 26 63 16
20 23 10  5 14 17 28  7
11  4 13 18 27  6 15 64

0 [0, 2]: 500000000000 tries in 1983194 ms
 0  0  0  0 33 40  0  0
 0 31 38 35  0  0 48 41
 1 36 25 32 39 34 45 22
26  0 30 37 44 23 42 47
 0  2 27 24 17 46 21  0
 0 13 16 29 10 43 18  7
 3 28 11 14  5  8  0 20
12 15  4  9  0 19  6  0

1 [0, 3]: 155918272 tries in 1037 ms
36 53 46 43 34 59 48 57
45 42 35 54 47 56 33 60
52 37 44 41 26 49 58 23
 1 40 27 50 55 24 61 32
28 51 38 25 62 31 22  7
39  2 11 30 19  8 63 16
12 29  4  9 14 17  6 21
 3 10 13 18  5 20 15 64

1 [0, 4]: 114551270 tries in 711 ms
39 42 37 58 49 60 29 46
36 57 40 43 30 47 50 61
41 38 31 48 59 54 45 28
32 35 56 53 44 23 62 51
 1 18 33 22 55 52 27 12
34 21 16  9 24 13  6 63
17  2 19 14  7  4 11 26
20 15  8  3 10 25 64  5

1 [0, 5]: 26900652518 tries in 127900 ms
52 57 38 43 48 59 36 29
39 42 51 58 37 30 47 60
56 53 40 31 44 49 28 35
41 32 55 50 23 34 61 46
54 19 22 33 62 45  6 27
 1 10 17 20  7 24 63 14
18 21  8  3 12 15 26  5
 9  2 11 16 25  4 13 64

0 [0, 6]: 500000000000 tries in 1995779 ms
 0 42 39 34 29 48  0  0
32  0 30 41  0 35 28 47
43 40 33 38 45  0 49 20
 0 31 44  0 36 21 46 27
 0  0 37 22 15 26 19 50
 0 11 14 25  8 23 16  5
 1  0  9 12  3  6 51 18
10 13  2  7 24 17  4  0

1 [0, 7]: 2014602987 tries in 10540 ms
58 41 56 45 60 49 36 47
55 44 59 50 37 46 31 34
40 57 42 61 32 35 48 21
43 54 25 38 51 22 33 30
26 39 52 23 62 29 20  5
53 24  9 28 17  6 63 14
10 27  2  7 12 15  4 19
 1  8 11 16  3 18 13 64

0 [1, 0]: 500000000000 tries in 1979752 ms
50  1  0  0 48 53  0  0
27 32 49 52  0 34 47  0
 2 51 26 33 36  0  0 23
31 28 37  0  0 24 35 46
38  3 30 25 18 45 22 43
29 14 17 40 11 42 19  8
 4 39 12 15  6  9 44 21
13 16  5 10 41 20  7  0

0 [1, 1]: 500000000000 tries in 2018653 ms
 0 54 37  0 29 42  0  0
 0  1 28 47 38  0 30 43
53 50 39 36 31 46 41 24
 2 27 48 51 40 25 44  0
49 52 35 26 45 32 23  8
 0  3 12 33 20  9  0 17
13 34  5 10 15 18  7 22
 4 11 14 19  6 21 16  0

0 [1, 2]: 500000000000 tries in 1974636 ms
 0 41  0 39  0  0 36  0
 0 26 43  0 35 38  0 46
42  1 40 25 44 29 34 37
 0  0 27  0 33 24 45  0
 2 19 32 23 28  0 30 13
 0 22 17 10 31 14  7  0
18  3 20 15  8  5 12  0
21 16  9  4 11  0  0  6

0 [1, 3]: 500000000000 tries in 1974055 ms
 0 34  0 38 27 40 51  0
 0 37  0 53 42 25 28  0
33 54 35 26 39 52 41 50
36  1 32 43 24 49  0 29
 0 20 23  0 31 44  7 48
 2 11 18 21  8 47 30 15
19 22  9  4 13 16 45  6
10  3 12 17 46  5 14  0

started thread [2, 3]
0 [1, 4]: 500000000000 tries in 2311425 ms
 0  0 46 43  0 27  0 49
 0 42 31 36 45 48  0 26
32 37 44 47 30  0 28 21
41  0 33  0 35 22 25  0
38  1 40 23 16 29 20  0
 0 12 15 34  9 24 17  6
 2 39 10 13  4  7  0 19
11 14  3  8  0 18  5  0

0 [1, 5]: 500000000000 tries in 2309390 ms
 0 44 41 32 49 26  0  0
40 33 48 43 28 31  0  0
45 42 29 38 25 50 27 22
 0 39 34 47 30 23  0 51
 0 46 37 24  0 52 21  6
 0  1 10 35 18  7  0 15
11 36  3  8 13 16  5 20
 2  9 12 17  4 19 14  0

0 [1, 6]: 500000000000 tries in 2289953 ms
34  0 50 47 40 29  0  0
49  0 35 28 51 46 41  0
 0 33 48 39 30 43 26  0
 0 36 31 24 27 22 45 42
32 17 38 21 44 25  0 11
37 20 15  8 23 12  5  0
16  1 18 13  6  3 10  0
19 14  7  2  9  0  0  4

0 [1, 7]: 500000000000 tries in 2314352 ms
 0 38  0 42  0 32 45  0
 0 41 30 37 50 43  0 33
29 52 39  0 31 46 49 44
40 23 28 51 36 25 34 47
 0 18 21 24 27 48  5  0
22  9 16 19  6 35 26 13
17 20  7  2 11 14  0  4
 8  1 10 15  0  3 12  0

0 [2, 0]: 500000000000 tries in 2341691 ms
29  0  1 34 27 46 51  0
 2 33 28  0 50 35  0 45
 0 30 49 26 47 52  0  0
 0  3 32 53 36 41 44  0
31 22 25 48 43 54  9 40
 4 13 20 23 10 37 42 17
21 24 11  6 15 18 39  8
12  5 14 19 38  7 16  0

0 [2, 1]: 500000000000 tries in 2314761 ms
 0  0 44 33  0 31  0  0
 0  0  1 30 45 34 25  0
 2 43 48  0 32 29 46 23
 0 50  0 28 47 24 35 26
42  3 52 49 18 27 22 37
51 14 17 40 11 36 19  8
 4 41 12 15  6  9 38 21
13 16  5 10 39 20  7  0

0 [2, 2]: 500000000000 tries in 1869595 ms
 0 52 33 46 31 50 25 44
34  0 36 51 26 45  0 49
 0  0  1 32 47 30 43 24
 2 35  0 37 42 27 48  0
 0  0 41  0 29 38 23  8
 0  3 12 39 20  9 28 17
13 40  5 10 15 18  7 22
 4 11 14 19  6 21 16  0

0 [2, 3]: 500000000000 tries in 1852116 ms
 0  0 44 27 40 49 32  0
 0 28 41  0 31 26 39 48
 0 43 30 45 24 47 50 33
29  0  1 42  0 38 25  0
 2 19  0 23 46 51 34 13
 0 22 17 10 37 14  7 52
18  3 20 15  8  5 12 35
21 16  9  4 11 36  0  6

0 [2, 4]: 500000000000 tries in 1912811 ms
35  0 37 52 27 46 29  0
38  0 34  0 30  0 44 47
 0 36 51 26 45 28 31  0
 0 39 24 33 50 41 48 43
23 20  1 40 25 32  7  0
 2 11 18 21  8 49 42 15
19 22  9  4 13 16  0  6
10  3 12 17  0  5 14  0

0 [2, 5]: 500000000000 tries in 2049190 ms
40  0  0  0 28 47 30  0
 0  0 41 46  0  0 27  0
42 39 44  0 34 29 48 31
 0  0 37  0 45 32 35 26
38 43 16 33 36 49  0 21
15 12  1 18  9 22 25  6
 2 17 10 13  4  7 20 23
11 14  3  8 19 24  5  0

0 [2, 6]: 500000000000 tries in 2005770 ms
51 28 37  0  0 32  0  0
 0  0 50 31 38 47  0 33
29 36 27 46 49 34 39 14
26  0 30 35 24 15 48 43
 0 22 25 16 45 42 13 40
 0  3 20 23 10 17 44  7
21  0  1 18  5  8 41 12
 2 19  4  9  0 11  6  0

1 [2, 7]: 63840723241 tries in 266181 ms
52 57 40 35 50 33 48 27
39 36 51 58 41 28 45 32
56 53 38 29 34 49 26 47
37 20 55 42 59 46 31 44
54 15 18 21 30 43 60 25
19 10 13 16  7 22 63  4
14 17  8 11  2  5 24 61
 9 12  1  6 23 62  3 64

1 [3, 0]: 73223615 tries in 322 ms
38 57 50  1 36 59 52 45
49  2 37 58 51 44 35 60
56 39 48 43 28 53 46 25
 3 42 29 54 47 26 61 34
30 55 40 27 62 33 24  9
41  4 13 32 21 10 63 18
14 31  6 11 16 19  8 23
 5 12 15 20  7 22 17 64

0 [3, 1]: 500000000000 tries in 2178639 ms
 0  0 29 26  0  0 37  0
28 25 50  1 30 35  0  0
51  2 27 40 49 38 31 36
 0  0 24  0 42 47 34  0
 3 20 41 48 39 32 43 14
 0 23 18 11 46 15  8 33
19  4 21 16  9  6 13 44
22 17 10  5 12 45  0  7

1 [3, 2]: 868191835 tries in 3021 ms
42 37 50 55 44 35 60 31
51 54 43 36 49 32 45 34
38 41 52  1 56 61 30 59
53  2 39 48 25 58 33 46
40 21 24 57 62 47  8 29
 3 12 19 22  9 26 63 16
20 23 10  5 14 17 28  7
11  4 13 18 27  6 15 64

0 [3, 3]: 500000000000 tries in 2170314 ms
35 38  0 28  0 44 41  0
26  0 36 39 42 29 48 45
37 34 27 30 47 40 43 22
 0 25 54  1  0 23 46 49
33  2 31 24 17 50 21  0
 0 13 16 53 10  0 18  7
 3 32 11 14  5  8 51 20
12 15  4  9 52 19  6  0

0 [3, 4]: 500000000000 tries in 2303851 ms
 0 43 40 45 28  0 52  0
 0 46 29 42 39  0 27  0
34 41 44 49 32 51 38 23
47  0 33 30 37 24  0 26
 0 35 48  1 50 31 22  7
 0  2 11 36 19  8 25 16
12  0  4  9 14 17  6 21
 3 10 13 18  5 20 15  0

1 [3, 5]: 94458463 tries in 378 ms
33 36 43 56 59 50 45 54
42 57 34 51 44 55 60 49
35 32 37 58 29 46 53 26
38 41 30 21 52 27 48 61
31 20 39 28 47 62 25 14
40  9 18  1 22 15  6 63
19  2 11 16  7  4 13 24
10 17  8  3 12 23 64  5

0 [3, 6]: 500000000000 tries in 1779271 ms
 0 43  0 37  0  0 40  0
 0  0 25 42 39 36  0  0
26 29 38 23 34 41 20  0
 0 24 31 28 21  0 35  0
30 27 22 15  0 33  0 19
 0 14  3 32 11 16  0  8
 4  0 12  1  6  9 18  0
13  2  5 10 17  0  7  0

1 [3, 7]: 309201072631 tries in 1335303 ms
33 36 31 42 59 44 57 26
30 41 34 37 54 27 60 45
35 32 39 28 43 58 25 56
40 29 48 53 38 55 46 61
49 52  9 20 47 62 15 24
10 19 50  7 16 21  4 63
51  8 17 12  5  2 23 14
18 11  6  1 22 13 64  3

0 [4, 0]: 500000000000 tries in 2256953 ms
 0  0  0  0  1 42 25 40
34 37  2  0 26 39 46 43
 3 28 35 38 47 44 41 24
36 33 48 27 50  0  0 45
29  4 31 52 19  0 23  0
32 15 18 49 12 51 20  9
 5 30 13 16  7 10  0 22
14 17  6 11  0 21  8  0

1 [4, 1]: 84009638130 tries in 490204 ms
42 39 44 53 56 37 26 51
45 54 41 38  1 52 57 36
40 43  2 55 60 27 50 25
 3 46 33 28 49 58 35 62
32 29 48 59 34 61 24  9
47  4 13 30 21 10 63 18
14 31  6 11 16 19  8 23
 5 12 15 20  7 22 17 64

1 [4, 2]: 18017105 tries in 68 ms
47 50 45 36 59 52 31 38
44 35 48 51 32 37 58 53
49 46 33 60  1 54 39 30
34 43  2 55 40 25 62 57
 3 20 41 24 61 56 29 14
42 23 18 11 26 15  8 63
19  4 21 16  9  6 13 28
22 17 10  5 12 27 64  7

1 [4, 3]: 44822830626 tries in 161442 ms
52 55 50 45 60 57 40 33
49 46 53 56 41 34 61 58
54 51 48 35 44 59 32 39
47 36 25 42  1 38 27 62
24 21  2 37 26 43  8 31
 3 12 19 22  9 28 63 16
20 23 10  5 14 17 30  7
11  4 13 18 29  6 15 64

0 [4, 4]: 500000000000 tries in 1896460 ms
 0  0 37 32  0 28  0  0
38 49 40 29 36 33  0 27
41  0  0 48 31 26 35  0
50 39 30 43 34 47  0 45
 0 42 17  0  1 44 25 22
16 13  2 19 10 23 46  7
 3 18 11 14  5  8 21 24
12 15  4  9 20  0  6  0

1 [4, 5]: 3230214786 tries in 12569 ms
46 51 36 57 44 59 38 31
35 56 45 52 37 32 43 60
50 47 54 33 58 39 30 23
55 34 49 40 53 24 61 42
48 13 16 25 62 41 22 29
17  4 11 14  1 26 63  8
12 15  2 19  6  9 28 21
 3 18  5 10 27 20  7 64

1 [4, 6]: 8320146138 tries in 42328 ms
43 48 63 52 41 36 61 58
64 51 42 35 62 59 40 37
47 44 49 30 53 38 57 60
50 31 46 21 34 55 28 39
45 20 33 54 29 22 11 56
32 15 18  3 12 25  8 27
19  4 13 16  1  6 23 10
14 17  2  5 24  9 26  7

0 [4, 7]: 500000000000 tries in 1888598 ms
30 37 28  0 46 43 26 41
 0  0 31  0 27 40  0 44
36 29 38 47  0 45 42 25
 0 48 35 32 39 20  0  0
 0  0  0 19  0 33 24  3
49 18  7 34 15  4 21 12
 8  0 16  5 10 13  2 23
17  6  9 14  1 22 11  0

0 [5, 0]: 500000000000 tries in 1830434 ms
 0 31 50 27 48  1 40  0
51 28 47  2 39 26  0  0
30  3 32 49  0 41 38 25
35  0 29 46 37  0 43  0
 4 21 36 33 42 45 24 15
 0 34 19 12 23 16  9 44
20  5 22 17 10  7 14  0
 0 18 11  6 13  0  0  8

0 [5, 1]: 500000000000 tries in 1781208 ms
43 38 53 36 45 50  0  0
54  0 44  0 52  1 46 49
39 42 37  2 35 48 51  0
 0  3 40 23  0 29 32 47
41 22  0 34 31 24  9 28
 4 13 20 25 10 33 30 17
21  0 11  6 15 18 27  8
12  5 14 19 26  7 16  0

0 [5, 2]: 500000000000 tries in 1802806 ms
50  0  0 43  0 31 24  0
 0 34 51 32 25 42 27  0
52 49 36 47 44  1 30 23
35 46 33  2 37 26 41 28
 0  3 48 45 18 29 22  0
 0 14 17 38 11 40 19  8
 4  0 12 15  6  9  0 21
13 16  5 10 39 20  7  0

0 [5, 3]: 500000000000 tries in 1826297 ms
 0 50 43  0 31  0 25  0
44  0 30 51 26 47 32  0
37 42 49 46  0  0 27 24
 0 45 36 29 48  1  0 33
41 38  0  2 35 28 23  8
 0  3 12 39 20  9 34 17
13 40  5 10 15 18  7 22
 4 11 14 19  6 21 16  0

0 [5, 4]: 500000000000 tries in 1870370 ms
 0 27  0 31 40  0  0 47
 0 30 39 26  0 34 41  0
 0 25 28 37 32 43 46 35
29 38  0 22 45 36 33 42
 0 21 24  0  0  1 44 15
 0 10 19  2 23 16  7  0
20  3 12 17  8  5 14  0
11 18  9  4 13  0  0  6

0 [5, 5]: 500000000000 tries in 1887718 ms
 0  0 27 32 45 50 23  0
28 37 30 51 24 33 44 49
39 26 35 46 31 48  0 22
36 29 38 25 34 17  0 43
 0 40  0 16 47 42 21  0
 0 15  4 41 12  1 18  9
 5  0 13  2  7 10  0 20
14  3  6 11  0 19  8  0

1 [5, 6]: 281092252 tries in 1022 ms
54 49 58 45 60 37 40 33
57 46 55 36 41 34 61 38
50 53 48 59 44 39 32 25
47 56 51 42 35 26 11 62
52 15 18 27 12 43 24 31
19  6 13 16  3 28 63 10
14 17  4 21  8  1 30 23
 5 20  7  2 29 22  9 64

0 [5, 7]: 500000000000 tries in 2141241 ms
 0  0 33  0 29 46  0  0
32  0 48 37 34 39 28 45
49  0  0 30 47 36  0 40
 0 31 50 35 38 41 44 27
51 16 19  0 43 26  3  0
20  7 14 17  4 23 42 11
15 18  5 22  9 12 25  2
 6 21  8 13 24  1 10  0

0 [6, 0]: 500000000000 tries in 1948408 ms
 0  0  0  0 35 30  1  0
 0  0 36  0  2  0 44 31
37 50  3 48 45 34 29 26
 4 47 38 41 28 25 32 43
51 40 49 46 33 42 27 10
 0  5 14 39 22 11 24 19
15 52  7 12 17 20  9  0
 6 13 16 21  8 23 18  0

0 [6, 1]: 500000000000 tries in 2046840 ms
 0 29 42 39 24 27  0  0
31 40 23 28 43 38  1 26
 0  0 30 41  2 25 44 37
 0 32  3 22 45 36  0  0
 4 21  0  0  0  0 46 15
33  0 19 12 35 16  9  0
20  5 34 17 10  7 14  0
 0 18 11  6 13  0  0  8

0 [6, 2]: 500000000000 tries in 2104274 ms
 0  0  0 32  0 52 35  0
 0 31 42  0 36 33 46 53
41 38 29 44 51 48  1 34
30 43 40 37  2 45 50 47
39 22  3 28 49 24  9 26
 4 13 20 23 10 27  0 17
21  0 11  6 15 18 25  8
12  5 14 19  0  7 16  0

1 [6, 3]: 379474725040 tries in 1504984 ms
46 55 36 41 48 57 34 27
37 40 47 56 35 28 49 58
54 45 38 29 42 59 26 33
39 30 43 52 25 32  1 50
44 53 18 31  2 51 60 23
17 14  3 20 11 24 63  8
 4 19 12 15  6  9 22 61
13 16  5 10 21 62  7 64

0 [6, 4]: 500000000000 tries in 1972181 ms
 0  0 33  0 29 46  0  0
32  0 48 37 34 39 28 45
49  0  0 30 47 36  0 40
 0 31 50 35 38 41 44 27
51 14 17  0 43 26  1  0
18  5 12 15  2 23 42  9
13 16  3 20  7 10 25 22
 4 19  6 11 24 21  8  0

0 [6, 5]: 500000000000 tries in 2040100 ms
 0 41 48 31  0 35 24  0
49 30 51 42 27 46  0 36
40 43 28 47 32 25 34 23
29 50 39 26 45 20 37  0
 0 15 44 19 38 33 22  0
 0 18 13  4 21 10  1  8
14  5 16 11  2  7  0  0
17 12  3  6  0  0  9  0

0 [6, 6]: 500000000000 tries in 2026171 ms
 0  0 27 46 33 44 25  0
50 35 52 29 26 47 32 43
 0 28 49 34 45 30  0 24
36 51 40 53 48 19 42 31
 0 54 37 18 41  0 23  0
 0 17  6 39 14  3 20 11
 7 38 15  4  9 12  1 22
16  5  8 13  2 21 10  0

0 [6, 7]: 500000000000 tries in 1960658 ms
42  0 38 29  0  0  0 35
39 28 41  0 37 34 49  0
 0 43 30 27 48 25 36 15
31 40 47 24 33 16  0 50
44 23 32 17 26 51 14  0
 0  8 21 46  5 18 11  2
22 45  6 19 10  3 52 13
 7 20  9  4  0 12  1  0

1 [7, 0]: 66005601 tries in 209 ms
52 57 48 43 36 59 38  1
47 44 51 58 49  2 35 60
56 53 46  3 42 37 32 39
45  4 55 50 27 40 61 34
54 23 26 41 62 33 10 31
 5 14 21 24 11 28 63 18
22 25 12  7 16 19 30  9
13  6 15 20 29  8 17 64

0 [7, 1]: 500000000000 tries in 1638100 ms
 0 28  0  0  0 44  0  0
32 35 30 27 42 25  0  1
29  0 33 40 45  2 43 24
34 31 36  3 26 41 46  0
37  4 39  0 19  0 23 48
 0 15 18  0 12 47 20  9
 5 38 13 16  7 10  0 22
14 17  6 11  0 21  8  0

1 [7, 2]: 449245173535 tries in 1515815 ms
36 39 34 57 46 59 26 43
33 56 37 40 27 44 47 60
38 35 28 45 58 25 42  1
29 32 55 50 41  2 61 48
54 51 30  3 62 49 24  9
31  4 13 52 21 10 63 18
14 53  6 11 16 19  8 23
 5 12 15 20  7 22 17 64

1 [7, 3]: 475750048 tries in 2169 ms
35 40 47 54 33 60 49 56
46 53 34 59 48 55 32 61
39 36 41 52 31 50 57 28
42 45 38 23 58 29 62  1
37 22 43 30 51  2 27 16
44 11 20  3 24 17  8 63
21  4 13 18  9  6 15 26
12 19 10  5 14 25 64  7

0 [7, 4]: 500000000000 tries in 1619394 ms
 0 47 32 49  0 27 24  0
 0 34 45 40 25 50  0 28
46 31 48 33 44 29 26 23
35  0 39 30 41 18 51  0
38  0 36 17 52 43 22  1
 0 16  5 42 13  2 19 10
 6 37 14  3  8 11  0 21
15  4  7 12  0 20  9  0

0 [7, 5]: 500000000000 tries in 1617576 ms
 0 26 33 46  0 28 37  0
34 47 24 27 36 45  0 29
25  0 35 32 23  0 43 38
 0 21  0  0 44 39 30  0
 0 16 19 22 31 42  0 40
20  7 14 17  4 11  0  1
15 18  5 12  9  2 41  0
 6 13  8  3  0  0 10  0

0 [7, 6]: 500000000000 tries in 1637717 ms
 0  0  0 51 30 27 38  0
 0 50 29 42 37  0 31 26
 0  0  0 45 28 25 36 39
49 46 43 24 41 22  0 32
 0 17 48 21 44 33 40 35
47 20 15  6 23 12  3 10
16  7 18 13  4  9 34  1
19 14  5  8  0  2 11  0

1 [7, 7]: 217928637 tries in 1070 ms
53 56 35 48 37 46 27 60
34 49 54 57 28 59 38 45
55 52 29 36 47 42 61 26
30 33 50 41 58 21 44 39
51 16 31 20 43 40 25 62
32 19 14  5 22 11  2  9
15  6 17 12  3  8 63 24
18 13  4  7 64 23 10  1

